16642
17237
18742
53809
54836
60448
61683
77179
92026
14397
15197
16438
29196
34080
39915
34103
42032
52996
7935
8608
8909
27689
31914
34876
29609
40542
44719
30233
31962
32461
68343
78923
99554
81470
110259
152801
21991
26273
28818
39639
54350
63069
52204
62389
70655
11574
13827
15425
34630
42078
50030
40221
55315
69668
4993
5875
5370
13756
20793
23366
26314
31282
38304
3768
4521
5684
8869
11018
11156
10014
14721
17787
2425
2650
2939
6388
8817
11960
11706
15978
17045
61646
61711
61784
91079
151021
173056
160154
183923
303909
46193
55199
64522
75179
99877
113744
74550
122770
150898
19205
28971
29563
45142
62510
81668
56900
83919
128416
10463
11389
11817
32602
45592
48177
56477
75292
83074
4771
5806
6848
13878
18908
20989
21078
29881
32645
2770
5831
5766
13626
19505
22329
23753
29815
36673
113231
131057
133969
220644
244949
409135
274111
389792
765324
88676
106927
125273
144426
203730
281968
165171
214316
379701
44194
60568
66274
116350
122199
209910
106201
136366
333418
37005
38957
39858
96560
135592
148090
144533
194497
243559
23635
26385
30385
52828
75374
85947
72059
94054
118699
17750
20796
21103
50300
71470
78127
71889
86826
116259
62096
64387
64794
149515
187755
209986
195016
233862
394626
39770
49090
54695
92189
123666
145977
119006
143142
198072
25420
35500
37348
78959
88961
113132
91857
106169
179064
154969
167068
169370
357816
486779
581386
461992
604404
939923
126537
149895
163666
234511
324345
384394
252582
368660
491177
78985
88742
98032
161567
229690
295068
192419
276379
461611
29224
33403
33128
113836
144544
146612
148164
207929
233552
22246
27666
32236
43646
55820
61943
57871
70744
84499
10950
13399
11638
44261
57775
63789
63025
82990
97500
278060
312779
334811
550329
753767
1108158
576567
870094
1626005
272760
303890
335041
342388
517043
653709
384972
559099
859154
112796
135728
148310
222739
343756
549148
262248
352897
827126
95431
98833
103133
227603
299204
369349
317787
435029
545155
75362
87976
98324
148751
190239
231520
182619
239890
299475
47531
55252
60122
134701
175993
208142
154946
197415
258329
308162
316795
316201
717526
884657
994034
859344
1038641
1781245
181301
224933
242664
203771
273202
311883
251532
314101
385276
98491
133273
144515
315049
373052
472085
336358
419104
899198
447358
524211
527702
784849
1065885
1321119
877547
1143170
2768744
411778
471303
500500
225340
272214
315534
244783
294032
1638569
158937
198749
219233
348691
431296
986726
363698
502017
1463082
124726
124526
124425
461910
499416
525894
616852
722035
824075
94070
95382
95382
190983
220728
236281
248301
293813
339441
83677
85688
85721
186201
211504
225342
256908
302405
346361
695289
811812
898058
1019894
2955318
4107548
1024159
1946414
5560008
550261
642723
826971
268321
324640
2358414
285265
344446
2830521
227146
274815
317642
365578
642237
1878332
364687
1410570
2872409