15262
16682
16715
31251
37640
43629
46943
51486
56185
10682
13374
13601
8846
15705
26995
14462
11965
15523
7711
7156
9694
15079
20096
21942
18168
22166
23606
22105
27264
28861
33831
76596
56185
37471
57209
58813
14717
20685
22607
8099
16058
18088
19483
11822
14049
11546
10502
14320
17687
19228
23449
16998
25710
23606
4751
5068
5472
13362
20955
23366
26314
31083
37578
3684
4599
5397
8483
10516
13210
10014
14475
17420
2302
2527
3302
6832
10840
15102
11393
16612
18580
33512
33855
38160
35719
68433
58813
56934
56185
58813
19494
21905
27004
20315
23779
13803
10038
24808
13803
14544
12252
17918
17045
27900
23606
17455
49906
23606
11419
11594
12569
36881
47209
46566
54391
70729
81961
4007
5004
5708
13233
18329
20935
20740
28513
32609
1896
4574
5532
15878
21475
23642
20938
29032
35856
80694
93970
82658
109211
120948
123406
115936
123406
123406
26743
35347
18352
23606
27239
32008
44278
29879
32008
25637
35863
29816
33257
61056
54252
58566
54252
54252
36582
35621
35038
65923
87285
116518
98378
112390
123406
18859
25641
27253
25271
20961
27546
28701
26832
34445
16666
20568
22433
26362
36705
45394
29816
48627
54252
42786
56276
56923
88619
114565
123406
90058
132779
123406
26215
32023
40165
19531
28847
34656
18352
30093
33432
27481
25126
31690
29816
44184
54252
40061
53728
54252
122428
137568
136676
222171
311268
361448
277588
340972
361448
38693
60951
76650
55947
72762
89580
51218
81980
88989
41551
51081
60209
91718
125351
139667
94880
136235
139667
29224
31861
33488
113206
144855
146240
146346
208859
232331
22290
29682
29537
44336
54316
58822
57688
70634
82294
14717
16857
18598
45712
57261
66099
61250
80723
96982
150128
208724
223476
326477
353605
361448
271637
367780
361448
45995
56275
61946
61950
81402
86174
71479
101884
86174
47764
70929
83219
116666
149925
139667
132189
138091
139667
83986
88280
91072
157389
234123
274249
219054
300675
360532
44131
60608
78864
47929
63917
82259
59654
75835
106855
26542
39663
45084
78964
103709
125203
89335
112239
139667
289381
309875
308308
716695
870092
973072
803708
1011337
1238343
108237
153912
157726
192995
244409
272974
231642
282659
379130
93777
124035
135802
311861
372049
455849
321777
413852
498080
436874
493344
513590
769650
964989
1288014
846452
1105284
1240817
129797
179248
177479
207573
255521
309200
230402
291052
341338
156067
189003
202997
333904
414660
498080
352038
473914
498080
122175
125938
127000
454249
499967
525757
616941
721634
820057
145868
156568
157916
186190
208031
216657
247095
292345
338611
82138
81814
82267
186158
209961
225217
256908
301420
344693
677885
788305
871045
923901
1240817
1240817
928403
1399108
1240817
166706
201947
208367
224305
284425
328780
238132
300979
328780
224238
274633
304764
360968
554577
498080
364687
497915
498080