16396
17023
18026
54073
54411
59599
62640
77683
91522
12418
16714
16320
29417
33957
43130
33826
42079
52634
8108
8785
9448
27312
34696
36279
30272
40701
46065
30322
32046
34141
68735
78619
99968
81564
120338
152443
19708
24866
30451
39279
53981
63254
52481
62472
70811
13161
13997
16930
35973
42239
55294
39687
56083
70879
4993
5774
5946
13756
20793
23366
26314
31282
38388
3816
6067
5655
8251
10897
13096
10014
15614
17298
2425
2650
2939
6388
8817
11677
11706
15978
17045
61347
62706
62081
90946
149893
167883
160095
181564
301728
47154
58626
65535
75070
101182
106962
74514
121500
140575
26058
29231
28370
46735
65068
84313
58861
88525
129671
11470
10718
11091
32499
45929
48651
56101
75776
84045
4762
5831
7771
15567
18908
21177
21780
30359
32645
1977
4369
5759
14546
20681
27374
22869
29815
36626
117855
128524
125803
199931
179324
330446
212652
312650
716265
88568
101005
100067
109922
153536
194984
125692
144827
312081
49170
62844
60716
106506
104135
178506
137735
101762
308310
37736
39164
39855
94922
136193
150401
146564
189500
240363
24784
34297
35828
51904
76474
88222
73479
95288
119008
17724
22132
23412
51258
72305
79889
74336
89287
119524
61994
66898
66198
150150
177322
200128
167222
215155
376962
43852
52137
61781
92951
114127
126672
111096
128420
182853
30110
37838
38513
79711
88335
104851
87524
99020
177526
147160
153361
154167
272367
352676
471412
315515
415554
809978
102529
96032
74753
103148
145071
188583
102499
150276
310354
71878
76674
82446
110507
153501
220441
137088
185275
396701
29427
33536
35014
113836
144795
147797
147198
207929
235509
19008
28282
31851
43646
56834
64590
57953
71210
84514
15514
18514
20098
44261
57923
62700
63025
82990
97500
188661
224696
250900
315954
458059
932241
382586
486204
1374038
127766
126239
111360
129821
151392
343415
122696
162736
595821
77354
95251
98992
115767
195251
448267
166915
178546
544146
95032
98031
102532
189634
256247
312481
250948
360388
482660
75004
84687
70787
86991
117126
123350
99063
122025
188192
49223
58511
62796
105961
129500
156309
110371
147728
208958
286987
316282
314484
717526
876339
977466
802429
1011236
1318012
100223
101194
100992
194484
252247
289098
237027
280649
361018
90329
123011
139181
312552
378971
454102
323436
414299
551737
432366
491783
517197
770045
966048
1251160
847717
1095461
1414478
143317
145915
143296
205331
258984
308120
233650
293830
404651
159836
190424
205195
336418
416907
546331
359429
457039
556940
111221
111221
111267
460775
500523
526594
616852
722045
824075
57268
57093
57093
188627
214510
222317
248791
293813
339372
52392
52433
52392
186201
210276
223012
256908
302517
346012
690452
789338
872273
923901
1376628
1374518
964425
1270324
1378170
170149
213042
224563
244406
289221
382137
253090
295290
384333
229808
274815
312371
363982
518247
546964
364687
529528
565920